image_width: 640
image_height: 480
camera_name: narrow_stereo
camera_matrix:
  rows: 3
  cols: 3
  data: [659.583891, 0.000000, 314.656053, 0.000000, 659.710074, 267.957807, 0.000000, 0.000000, 1.000000]
distortion_model: plumb_bob
distortion_coefficients:
  rows: 1
  cols: 5
  data: [-0.013465, -0.042938, 0.003147, -0.003615, 0.000000]
rectification_matrix:
  rows: 3
  cols: 3
  data: [1.000000, 0.000000, 0.000000, 0.000000, 1.000000, 0.000000, 0.000000, 0.000000, 1.000000]
projection_matrix:
  rows: 3
  cols: 4
  data: [655.884766, 0.000000, 312.811664, 0.000000, 0.000000, 657.736145, 269.028379, 0.000000, 0.000000, 0.000000, 1.000000, 0.000000]
