image_width: 640
image_height: 480
camera_name: camera
camera_matrix:
  rows: 3
  cols: 3
  data: [860.596268, 0.000000, 325.277400, 0.000000, 869.332178, 291.598430, 0.000000, 0.000000, 1.000000]
distortion_model: plumb_bob
distortion_coefficients:
  rows: 1
  cols: 5
  data: [0.222618, -0.017957, 0.038489, -0.010981, 0.000000]
rectification_matrix:
  rows: 3
  cols: 3
  data: [1.000000, 0.000000, 0.000000, 0.000000, 1.000000, 0.000000, 0.000000, 0.000000, 1.000000]
projection_matrix:
  rows: 3
  cols: 4
  data: [905.113281, 0.000000, 321.359389, 0.000000, 0.000000, 902.975342, 300.714340, 0.000000, 0.000000, 0.000000, 1.000000, 0.000000]
