image_width: 1280
image_height: 720
camera_name: ids_xs_camera_L
camera_matrix:
  rows: 3
  cols: 3
  data: [1349.827716, 0.000000, 615.844378, 0.000000, 1349.079163, 366.771439, 0.000000, 0.000000, 1.000000]
distortion_model: plumb_bob
distortion_coefficients:
  rows: 1
  cols: 5
  data: [0.177566, -0.533813, -0.004398, -0.011489, 0.000000]
rectification_matrix:
  rows: 3
  cols: 3
  data: [1.000000, 0.000000, 0.000000, 0.000000, 1.000000, 0.000000, 0.000000, 0.000000, 1.000000]
projection_matrix:
  rows: 3
  cols: 4
  data: [1365.328247, 0.000000, 604.504177, 0.000000, 0.000000, 1379.226074, 364.930160, 0.000000, 0.000000, 0.000000, 1.000000, 0.000000]
