Left:
('D = ', [0.26107082741201015, -0.5762011020499456, 0.011758915190367173, -0.0018102593309956806, 0.0])
('K = ', [1311.207115216601, 0.0, 585.9743063760877, 0.0, 1316.1973512569248, 365.5219437096819, 0.0, 0.0, 1.0])
('R = ', [0.9722550877256702, -0.033373136007889485, -0.2315302964722936, 0.03597431892267789, 0.9993280533548238, 0.0070206948451082395, 0.23114041786238665, -0.015155051008082322, 0.9728023600194151])
('P = ', [1600.7273243363024, 0.0, 958.4600219726562, 0.0, 0.0, 1600.7273243363024, 367.994441986084, 0.0, 0.0, 0.0, 1.0, 0.0])

Right:
('D = ', [0.2968808015075601, -0.8869613348850477, 0.0055028547190403955, 0.006882935364376597, 0.0])
('K = ', [1380.4678032837119, 0.0, 629.2826169601833, 0.0, 1382.9363020533615, 348.77087468408905, 0.0, 0.0, 1.0])
('R = ', [0.9807512626615763, -0.03507787010018937, -0.19208462670645357, 0.03292052779162554, 0.9993540550128356, -0.014412202445259563, 0.19246609996995362, 0.007811258454088758, 0.9812725332973095])
('P = ', [1600.7273243363024, 0.0, 958.4600219726562, -185.4058058336549, 0.0, 1600.7273243363024, 367.994441986084, 0.0, 0.0, 0.0, 1.0, 0.0])
('self.T ', [-0.11359647293553751, 0.00406292856626936, 0.022248389504772766])
('self.R ', [0.9992113932533706, -0.0027491718876670283, -0.039611029355343885, 0.0036519413633231334, 0.999734820917638, 0.02273656018523996, 0.0395380186268445, -0.022863287137029332, 0.9989564631075535])
None
# oST version 5.0 parameters


[image]

width
1280

height
720

[narrow_stereo/left]

camera matrix
1311.207115 0.000000 585.974306
0.000000 1316.197351 365.521944
0.000000 0.000000 1.000000

distortion
0.261071 -0.576201 0.011759 -0.001810 0.000000

rectification
0.972255 -0.033373 -0.231530
0.035974 0.999328 0.007021
0.231140 -0.015155 0.972802

projection
1600.727324 0.000000 958.460022 0.000000
0.000000 1600.727324 367.994442 0.000000
0.000000 0.000000 1.000000 0.000000

# oST version 5.0 parameters


[image]

width
1280

height
720

[narrow_stereo/right]

camera matrix
1380.467803 0.000000 629.282617
0.000000 1382.936302 348.770875
0.000000 0.000000 1.000000

distortion
0.296881 -0.886961 0.005503 0.006883 0.000000

rectification
0.980751 -0.035078 -0.192085
0.032921 0.999354 -0.014412
0.192466 0.007811 0.981273

projection
1600.727324 0.000000 958.460022 -185.405806
0.000000 1600.727324 367.994442 0.000000
0.000000 0.000000 1.000000 0.000000



Left:
('D = ', [0.26107082741201015, -0.5762011020499456, 0.011758915190367173, -0.0018102593309956806, 0.0])
('K = ', [1311.207115216601, 0.0, 585.9743063760877, 0.0, 1316.1973512569248, 365.5219437096819, 0.0, 0.0, 1.0])
('R = ', [0.9722550877256702, -0.033373136007889485, -0.2315302964722936, 0.03597431892267789, 0.9993280533548238, 0.0070206948451082395, 0.23114041786238665, -0.015155051008082322, 0.9728023600194151])
('P = ', [1600.7273243363024, 0.0, 958.4600219726562, 0.0, 0.0, 1600.7273243363024, 367.994441986084, 0.0, 0.0, 0.0, 1.0, 0.0])

Right:
('D = ', [0.2968808015075601, -0.8869613348850477, 0.0055028547190403955, 0.006882935364376597, 0.0])
('K = ', [1380.4678032837119, 0.0, 629.2826169601833, 0.0, 1382.9363020533615, 348.77087468408905, 0.0, 0.0, 1.0])
('R = ', [0.9807512626615763, -0.03507787010018937, -0.19208462670645357, 0.03292052779162554, 0.9993540550128356, -0.014412202445259563, 0.19246609996995362, 0.007811258454088758, 0.9812725332973095])
('P = ', [1600.7273243363024, 0.0, 958.4600219726562, -185.4058058336549, 0.0, 1600.7273243363024, 367.994441986084, 0.0, 0.0, 0.0, 1.0, 0.0])
('self.T ', [-0.11359647293553751, 0.00406292856626936, 0.022248389504772766])
('self.R ', [0.9992113932533706, -0.0027491718876670283, -0.039611029355343885, 0.0036519413633231334, 0.999734820917638, 0.02273656018523996, 0.0395380186268445, -0.022863287137029332, 0.9989564631075535])
# oST version 5.0 parameters


[image]

width
1280

height
720

[narrow_stereo/left]

camera matrix
1311.207115 0.000000 585.974306
0.000000 1316.197351 365.521944
0.000000 0.000000 1.000000

distortion
0.261071 -0.576201 0.011759 -0.001810 0.000000

rectification
0.972255 -0.033373 -0.231530
0.035974 0.999328 0.007021
0.231140 -0.015155 0.972802

projection
1600.727324 0.000000 958.460022 0.000000
0.000000 1600.727324 367.994442 0.000000
0.000000 0.000000 1.000000 0.000000

# oST version 5.0 parameters


[image]

width
1280

height
720

[narrow_stereo/right]

camera matrix
1380.467803 0.000000 629.282617
0.000000 1382.936302 348.770875
0.000000 0.000000 1.000000

distortion
0.296881 -0.886961 0.005503 0.006883 0.000000

rectification
0.980751 -0.035078 -0.192085
0.032921 0.999354 -0.014412
0.192466 0.007811 0.981273

projection
1600.727324 0.000000 958.460022 -185.405806
0.000000 1600.727324 367.994442 0.000000
0.000000 0.000000 1.000000 0.000000
